VGA Intrinsics left: {width: [640], height: [480], fx: [354.80126953125000000], fy: [355.14706420898437500], cx: [322.77804565429687500], cy: [229.92657470703125000], coeffs: [-0.28842544555664062, 0.07014846801757812, 0.00008010864257812, 0.00015258789062500, 0.00000000000000000], p: [356.00000000000000000, 0.00000000000000000, 326.26757812500000000, 0.00000000000000000, 0.00000000000000000, 356.00000000000000000, 238.84814453125000000, 0.00000000000000000, 0.00000000000000000, 0.00000000000000000, 1.00000000000000000, 0.00000000000000000], r: [0.99997258186340332, 0.00564277172088623, 0.00478076934814453, -0.00564301013946533, 0.99998402595520020, 0.00003349781036377, -0.00478041172027588, -0.00006043910980225, 0.99998855590820312]}
VGA Intrinsics right: {width: [640], height: [480], fx: [355.81051635742187500], fy: [356.39404296875000000], cx: [323.74810791015625000], cy: [246.56646728515625000], coeffs: [-0.28125762939453125, 0.06352615356445312, 0.00019073486328125, -0.00051879882812500, 0.00000000000000000], p: [356.00000000000000000, 0.00000000000000000, 326.26757812500000000, -38051.64062500000000000, 0.00000000000000000, 356.00000000000000000, 238.84814453125000000, 0.00000000000000000, 0.00000000000000000, 0.00000000000000000, 1.00000000000000000, 0.00000000000000000], r: [0.99982118606567383, 0.00318813323974609, -0.01863443851470947, -0.00318896770477295, 0.99999487400054932, -0.00001728534698486, 0.01863431930541992, 0.00007665157318115, 0.99982631206512451]}
VGA Extrinsics left to right: {rotation: [0.99972283840179443, 0.00245165824890137, 0.02341389656066895, -0.00245523452758789, 0.99999690055847168, 0.00012540817260742, -0.02341353893280029, -0.00018286705017090, 0.99972581863403320], translation: [-120.09924316406250000, 0.00000000000000000, 0.00000000000000000]}
HD Intrinsics left: {width: [1280], height: [720], fx: [710.02233886718750000], fy: [711.39276123046875000], cx: [645.80767822265625000], cy: [340.32168579101562500], coeffs: [-0.30076217651367188, 0.08272933959960938, -0.00022506713867188, -0.00008010864257812, 0.00000000000000000], p: [712.00000000000000000, 0.00000000000000000, 650.26806640625000000, 0.00000000000000000, 0.00000000000000000, 712.00000000000000000, 342.19458007812500000, 0.00000000000000000, 0.00000000000000000, 0.00000000000000000, 1.00000000000000000, 0.00000000000000000], r: [0.99996304512023926, 0.00616943836212158, 0.00596797466278076, -0.00616908073425293, 0.99998092651367188, -0.00007486343383789, -0.00596833229064941, 0.00003802776336670, 0.99998211860656738]}
HD Intrinsics right: {width: [1280], height: [720], fx: [711.25061035156250000], fy: [712.83129882812500000], cx: [650.09063720703125000], cy: [341.86837768554687500], coeffs: [-0.29114151000976562, 0.07230377197265625, -0.00022125244140625, -0.00053024291992188, 0.00000000000000000], p: [712.00000000000000000, 0.00000000000000000, 650.26806640625000000, -79421.02343750000000000, 0.00000000000000000, 712.00000000000000000, 342.19458007812500000, 0.00000000000000000, 0.00000000000000000, 0.00000000000000000, 1.00000000000000000, 0.00000000000000000], r: [0.99991202354431152, 0.00350260734558105, -0.01278972625732422, -0.00350189208984375, 0.99999380111694336, 0.00007879734039307, 0.01278996467590332, -0.00003397464752197, 0.99991810321807861]}
HD Extrinsics left to right: {rotation: [0.99982047080993652, 0.00266754627227783, 0.01875746250152588, -0.00266635417938232, 0.99999642372131348, -0.00008797645568848, -0.01875758171081543, 0.00003802776336670, 0.99982404708862305], translation: [-119.91060638427734375, 0.00000000000000000, 0.00000000000000000]}
